background
	ambientcolor: 0.050000 0.050000 0.050000
end
camera
	aperture: 0.05
	eye: -3.000000 -10.0000000 2.500000
	lookat: 1.000000 0.500000 0.000000
	focal: 6.754
	fovy: 45.0
	h: 1080
	up: 0.000000 0.000000 1.000000
	w: 1920
end
light area
	color: 1.0000 1.00000 1.00000
	N: 0.000000 0.000000 -1.000000
	Dx: 5.0000 0.000000 0.000000
	Dy: 0.000000 5.00000 0.000000
	O: -10.000000 -4.000000 6
	power: 2000.0
end
primitive plane
	d: 1
	color: 1.000000 1.000000 1.000000
	diff: 0.7
	refl: 0.3
	spec: 0
	N: 0.000000 0.000000 1.000000
	Dx: 2.5000000 0.000000 0.000000
	Dy: 0.000000 2.5000000 0.000000
	Do: 0.000000 0.00000 0.000000
	texture: picture/wall2.bmp
end
primitive plane
	d: 10
	color: 1.000000 1.000000 1.000000
	diff: 0.8
	refl: 0.0
	spec: 0.0
	N: 0.000000 -1.000000 0.000000
	Dx: 20.000000 0.000000 0.000000
	Dy: 0.00000 0.000000 -10.000000
	Do: -10.0000000 0.00000 -1.00000
	texture: picture/kamen.bmp
end
primitive plane
	d: 35
	color: 1.000000 1.000000 1.000000
	diff: 0.8
	refl: 0.1
	spec: 0.1
	N: -1.000000 0.000000 0.000000
	Dx: 5.000000 0.000000 0.000000
	Dy: 0.00000 5.000000 0.000000
	Do: -10.0000000 0.00000 0.00000
	texture: picture/kamen.bmp
end
primitive plane
	d: 20
	color: 1.000000 1.000000 1.000000
	diff: 0.9
	spec: 0.1
	N: 0.000000 0.000000 -1.000000
	Dx: 5.000000 0.000000 0.000000
	Dy: 0.00000 5.000000 0.000000
	Do: -10.0000000 0.00000 0.00000
	texture: picture/kamen.bmp
end
primitive plane
	d: 50
	color: 1.000000 1.000000 1.000000
	diff: 0.8
	refl: 0.0
	spec: 0.1
	N: 1.000000 0.000000 0.000000
	Dx: 5.000000 0.000000 0.000000
	Dy: 0.00000 5.000000 0.000000
	Do: -10.0000000 0.00000 0.00000
	texture: picture/kamen.bmp
end
primitive plane
	d: 50
	color: 1.000000 1.000000 1.000000
	diff: 0.8
	refl: 0.0
	spec: 0.1
	N: 0.000000 1.000000 0.000000
	Dx: 5.000000 0.000000 0.000000
	Dy: 0.00000 5.000000 0.000000
	Do: -10.0000000 0.00000 0.00000
	texture: picture/kamen.bmp
end
primitive rotationbody
	scale: 0.25
	curve: 0 0.73 0.95 1.02 1.65 0 2.45 0
	curve: 2.45 0 2.5 0.76 2.5 1.87 2.5 2.0
	curve: 2.5 2.0 2.5 2.0 2.5 10.0 2.5 10.0 
	curve: 2.5 10 2.49 10.73 2.5 11.75 1.5 12.4
	curve: 1.5 12.4 1.14 12.66 0.77 12.8 0.73 14.23
	curve: 0.73 14.23 0.73 14.23 0.715 15.73 0.715 15.73
	curve: 0.715 15.73 0.885 15.7 1.015 16.2 0.48 16.5
	curve: 0.48 16.5 0.565 15.73 0.58 14.23 0.58 14.23
	curve: 0.58 14.23 0.62 12.8  0.99 12.66 1.35 12.4
	curve: 1.35 12.4 2.35 11.75 2.34 10.73 2.35 10
	curve: 2.35 10 2.35 10.0 2.35 2.0 2.35 2.0 
  	curve: 2.35 2.0 2.35 1.87 2.35 0.76 2.3 0.3
	curve: 2.3 0.3 1.65 0.3 0.95 1.32 0 1.03
	ratio: 0 0 1 0 0 0 0 0 0 0 0 0 0  
	color: 0.000000 1.000000 0.000000
	absor: 1.0 0 1
	diff: 0.2
	refl: 0.2
	refr: 0.6
	rindex: 1.3
	spec: 0.00
	//texture: picture/earth.bmp
	O: -1 -1.5 -1
end
primitive rotationbody
	scale: 8
	curve: 0.000000 0.140000 0.135000 0.140000 0.145000 0.050000 0.165000 0.030000
	curve: 0.165000 0.030000 0.175 0.02 0.175 0.01 0.165 0.02
	curve: 0.165 0.02 0.115 0.07 0.115 0.135 0 0.135
	ratio: 0 0 0
	color: 1 1 1
	//absor: 0.000000 0.000000 0.000000
	diff: 0
	refl: 0.8
	spec: 0.2
	//texture: picture/earth.bmp
	O: 2 -1.5 3
end
light point
	color: 0.70000 0.700000 0.00000
	O: 2 -1.5 2.98
	power: 200.0
//end
//primitive cylinder
//	O: 0.43 -0.37 0
//	R: 0.2
//	H: 0.5
//	color: 1.000000 1.000000 1.000000
//	diff: 0.0
//	refl: 0.5
//	refr: 0.5
//	rindex: 1.5
//	spec: 0
//end

//输入中O作为最后一个参数 ratio 在curve之后输入
//primitive sphere
//	O: 0.43 -0.37 0.33
//	R: 0.33
//	color: 1.000000 1.000000 1.000000
//	diff: 0.0
//	refl: 0.5
//	refr: 0.5
//	rindex: 1.5
//	spec: 0
//end
